33 39 37 36 46 46 37 45 46 46 46 38 37
45 37 43 31 24 25 29 24 24 25 25 35 39
25 30 30 30 45 42 30 37 40 43 43 34 30
21 33 25 35 50 49 35 51 50 51 51 43 29
34 40 33 47 58 54 45 59 59 59 58 34 34
23 24 25 27 37 35 29 37 37 37 38 32 25
23 25 21 29 39 37 28 40 39 39 39 24 22
28 19 28 28 24 24 28 24 24 24 24 28 27
20 22 21 24 27 29 25 28 29 29 31 27 22
24 24 24 24 24 24 24 24 24 24 24 24 24
30 26 30 36 37 34 37 36 36 38 39 34 30
21 25 22 29 35 39 28 37 40 40 39 35 25
17 23 22 28 31 39 28 27 31 32 31 27 24
25 21 26 29 27 28 31 26 27 27 28 29 26
29 29 29 29 29 29 29 29 29 29 29 29 29
28 32 30 32 37 38 32 37 37 37 37 31 30
35 46 40 51 57 53 50 54 55 58 56 43 40
22 22 22 22 30 25 22 25 25 33 33 22 22
22 24 23 26 41 33 26 36 36 44 44 24 23
30 35 34 37 49 49 36 45 47 50 50 39 34
38 49 40 50 57 53 49 56 56 56 56 39 37
27 20 26 24 19 21 22 19 18 22 22 24 24
40 45 35 35 54 54 45 54 54 54 49 49 40
37 45 36 48 56 51 48 56 56 56 55 40 38
21 16 21 23 20 20 23 20 20 20 20 23 20
25 23 26 28 27 27 31 27 27 27 28 29 26
33 26 33 37 32 32 37 31 32 32 31 37 32
17 23 20 19 25 24 21 24 24 26 26 21 20
21 27 26 28 44 44 27 34 37 43 43 26 26
36 33 36 33 35 31 34 31 31 31 32 33 33
23 31 23 41 50 39 39 50 50 50 46 25 21
22 25 27 29 39 43 31 37 41 41 43 39 27
9 17 14 13 24 23 16 19 20 23 23 16 14
27 29 29 31 39 35 32 33 34 39 39 32 29
47 51 45 59 73 64 57 73 73 73 73 49 49
27 26 27 30 32 30 32 32 32 32 34 28 27
28 28 29 31 31 34 33 29 31 31 32 31 29
24 25 24 25 27 27 28 27 28 28 30 27 25
22 15 22 20 20 20 20 20 20 20 20 20 20
26 24 26 26 25 25 27 25 25 25 26 26 26
29 24 31 32 28 33 31 27 28 29 29 32 29
48 43 48 37 29 30 33 29 29 30 30 45 48
32 24 34 30 33 29 30 28 28 35 35 30 29
28 27 28 25 24 24 27 24 24 24 27 27 28
29 27 29 30 30 31 31 31 31 31 30 30 28
50 45 48 38 31 31 39 26 31 32 33 38 45
30 41 25 40 57 51 40 58 57 57 57 31 31
43 42 43 40 36 36 40 36 36 36 36 40 43
25 27 25 29 38 32 30 40 38 40 42 27 27
24 26 27 27 33 39 29 31 33 34 35 33 27
16 20 20 20 29 24 20 24 24 24 24 20 20
31 28 31 30 29 29 30 29 29 29 29 30 30
24 29 27 24 29 29 32 29 29 29 32 29 27
13 16 13 15 27 22 17 29 27 28 28 15 13
43 37 41 32 28 28 31 28 28 28 28 34 37
31 30 32 39 42 41 39 43 45 45 46 41 32
39 39 40 32 31 31 31 29 29 33 34 37 42
24 23 21 26 23 24 27 26 24 24 27 24 23
25 25 25 25 25 25 27 25 25 25 27 25 25
32 33 32 37 43 39 36 43 43 43 43 33 32
30 27 31 34 34 32 35 32 32 34 35 34 31
37 36 38 30 28 31 30 27 28 28 29 35 39
49 39 45 35 28 27 34 27 26 29 29 35 40
34 28 34 27 19 23 23 19 19 23 23 31 33
45 36 43 35 30 30 37 30 30 30 33 35 37
62 54 59 51 37 39 50 40 39 41 41 51 53
62 55 59 50 35 38 49 39 37 40 40 52 54
61 53 57 46 29 30 45 33 31 32 31 49 50
34 34 37 42 51 51 42 50 50 51 51 46 36
43 51 43 53 60 57 51 61 61 61 59 43 40
30 45 31 47 56 53 46 57 56 56 54 30 28
34 39 36 39 50 50 41 49 50 50 49 39 37
40 41 40 42 48 46 43 49 48 48 48 40 39
28 30 26 31 44 36 30 44 44 44 44 28 28
28 33 33 36 47 50 35 42 46 49 49 36 33
24 27 25 24 27 27 26 27 27 27 27 26 25
46 38 43 37 32 31 34 32 32 33 33 37 39
50 45 49 41 41 39 40 39 40 45 45 47 46
33 41 41 46 56 54 46 54 55 55 56 49 40
49 43 47 39 31 31 38 31 31 32 33 42 45
51 47 51 40 31 33 33 31 31 33 33 48 51
26 21 25 24 21 23 23 22 21 24 23 24 24
30 29 32 38 43 40 38 39 41 43 43 36 32
43 39 42 45 48 48 45 49 49 49 49 47 42
35 38 37 44 51 52 44 51 51 52 52 51 39
34 44 31 46 62 54 45 62 62 62 62 37 36
23 28 27 29 44 46 29 39 42 45 45 29 27
25 25 25 25 25 25 25 25 25 25 25 25 25
23 25 21 29 39 37 28 40 39 39 39 24 22
24 29 29 32 46 49 33 46 48 48 49 45 30
46 53 45 54 64 59 53 65 65 65 64 47 45
25 32 30 32 46 48 32 43 45 47 47 32 29
37 45 34 47 61 54 46 61 61 61 61 39 38
39 47 37 47 61 54 47 60 60 60 60 41 41
23 28 21 30 49 40 29 48 48 48 48 24 23
38 42 40 49 58 56 49 58 58 58 59 54 43
38 49 37 51 61 56 50 61 61 61 60 38 35
37 50 40 51 62 56 50 61 60 60 59 41 38
50 45 48 41 35 33 37 35 35 37 37 45 39
51 45 50 44 32 32 38 31 32 34 34 47 42
53 46 51 45 39 39 43 38 39 41 41 43 47
51 51 50 49 51 49 48 51 51 51 49 42 45
45 50 34 41 58 55 51 57 57 60 59 52 51
54 51 52 48 53 52 48 52 53 54 54 47 48
32 44 28 48 59 52 47 60 59 59 58 33 33
23 29 22 37 48 42 36 47 48 48 46 28 25
28 31 29 42 49 41 41 47 47 48 46 34 29
39 47 34 35 57 57 46 57 57 57 52 51 41
48 51 45 45 61 60 51 61 61 61 57 54 48
45 51 39 44 62 60 50 62 62 62 59 51 46
28 36 25 38 54 50 42 54 54 54 51 37 28
46 48 46 47 53 53 51 53 53 53 51 51 47
48 54 49 51 65 64 55 65 66 66 64 59 51
33 45 29 33 57 56 43 57 57 57 53 47 35
16 18 14 18 28 29 21 30 30 30 29 27 17
25 26 22 29 29 31 29 34 33 33 34 31 25
53 58 47 48 65 65 57 66 66 67 62 61 57
48 50 43 45 57 57 52 58 58 59 55 55 51
36 43 32 34 56 56 44 57 56 56 52 48 36
48 54 45 51 67 64 54 68 67 67 65 53 49
49 45 48 40 31 33 37 31 31 33 33 43 48
11 18 18 18 30 23 18 23 23 23 23 18 18
34 34 36 37 45 42 37 41 42 42 42 41 37
20 22 21 24 31 30 23 28 29 32 32 21 21
22 22 22 20 20 17 20 17 17 20 20 20 22
29 28 29 27 25 25 27 25 25 25 25 27 29
52 46 50 47 40 39 47 37 36 42 44 47 49
46 43 46 39 32 34 36 33 33 34 34 43 46
54 50 52 46 42 43 46 39 41 45 45 48 50
24 23 24 21 18 18 21 18 18 18 18 21 24
35 34 35 31 30 29 29 28 28 31 31 33 35
27 21 27 28 25 25 28 25 25 25 25 28 26
29 24 29 24 20 20 24 20 20 20 20 24 27
30 24 30 26 22 22 26 22 22 22 22 26 28
40 31 40 33 25 27 30 24 24 27 28 36 38
46 39 45 37 25 29 32 28 27 29 29 41 45
53 49 51 43 34 34 45 34 34 35 37 45 48
49 44 47 45 41 38 41 40 37 42 42 45 46
34 34 34 33 35 41 33 34 36 36 38 34 37
46 42 45 38 36 36 38 36 36 36 35 38 40
54 50 52 43 41 44 42 43 44 45 39 46 49
50 45 48 40 32 32 43 31 32 33 36 40 43
51 47 50 46 45 41 48 41 41 46 47 46 47
52 49 50 47 50 45 47 49 49 51 50 43 46
47 49 45 53 57 51 52 57 57 57 55 42 41
41 51 43 53 59 55 52 59 59 59 58 41 38
56 51 54 47 39 39 47 38 39 40 40 47 50
57 51 55 49 43 41 47 40 38 46 46 50 52
33 40 39 37 49 43 37 43 45 46 46 39 39
31 31 32 31 35 37 34 35 36 36 40 37 32
39 37 41 39 37 42 36 37 38 42 37 39 39
38 38 39 36 36 40 35 37 37 40 35 36 37
32 29 33 25 21 22 24 20 20 22 24 31 34
33 35 33 35 48 45 35 45 45 49 48 35 33
37 36 36 37 36 39 38 37 37 37 40 39 37
40 43 41 39 41 39 40 39 39 42 43 40 41
42 38 42 33 27 28 29 27 27 28 28 38 43
53 49 53 50 49 49 50 49 49 49 49 50 51
54 49 52 44 32 34 41 31 32 35 35 46 50
51 45 50 47 40 41 46 40 39 42 42 47 49
19 29 24 24 37 33 28 39 37 38 39 26 24
26 32 26 31 45 37 32 45 43 43 45 27 28
27 25 24 28 25 27 28 28 27 27 28 27 25
23 21 19 24 21 23 25 24 23 23 25 23 21
27 30 29 30 46 37 31 41 41 45 45 30 29
42 50 41 50 64 58 51 64 64 64 63 48 46
13 13 14 17 16 16 18 14 14 16 17 17 14
19 20 20 20 25 22 20 22 22 24 24 20 20
25 22 23 25 24 25 25 25 25 25 25 25 24
22 23 22 25 26 25 25 25 24 25 26 24 23
30 27 27 30 27 29 30 30 29 29 30 29 28
36 26 35 34 29 29 34 29 28 29 29 34 33
22 24 24 27 28 28 28 26 27 28 29 27 25
24 26 26 27 29 28 29 27 27 28 30 27 26
22 18 16 25 23 25 23 27 25 25 26 25 19
29 32 30 31 40 36 32 37 37 41 41 31 30
29 27 29 31 30 31 31 31 31 31 29 31 29
21 25 25 25 34 28 25 29 29 29 29 25 25
35 31 35 35 31 32 33 31 31 33 33 41 35
34 31 34 34 34 32 33 35 34 35 35 37 34
41 40 41 33 28 28 32 28 28 28 28 37 43
35 27 34 31 25 27 29 25 24 28 28 31 31
34 31 34 37 33 33 33 33 33 35 35 38 34
35 33 35 34 31 34 32 33 33 34 31 38 35
35 34 35 35 31 33 33 32 32 33 31 39 35
34 34 35 34 30 31 33 30 30 31 31 39 35
30 27 31 29 31 31 27 27 28 35 35 29 29
32 27 31 25 16 19 21 18 17 19 19 28 31