45 45 35 39 35 37 36 36 37 37 35 37 36 33 34 35 36 40 44 44 37 36
22 22 34 35 34 31 31 29 29 29 31 31 31 30 31 31 48 24 25 25 33 51
37 37 24 34 29 30 30 29 30 30 28 30 30 29 28 30 30 37 37 35 33 25
51 51 28 42 28 35 35 29 34 37 26 35 39 30 27 34 30 49 50 49 35 20
59 59 38 34 38 47 47 42 42 42 39 48 50 39 42 42 31 54 59 59 34 29
37 37 28 32 25 27 27 24 28 27 24 27 30 27 22 25 23 34 37 38 30 24
40 40 24 24 24 29 29 24 26 25 24 30 27 25 24 25 22 32 39 38 24 21
24 24 28 28 28 28 28 26 28 23 24 28 28 28 27 28 31 21 22 22 28 33
28 28 20 26 18 23 24 19 23 19 14 23 23 22 19 22 22 28 28 21 24 22
24 24 24 24 24 24 24 24 24 24 24 24 24 24 24 24 24 24 24 24 24 24
36 36 34 32 33 36 36 31 34 26 26 37 35 34 31 34 34 30 32 31 32 36
37 37 24 38 24 27 29 20 28 26 18 27 28 24 20 25 24 37 37 28 35 26
27 27 22 28 20 27 28 26 27 26 19 27 27 22 21 27 23 22 25 24 28 24
26 26 29 28 28 29 29 26 29 19 18 29 29 29 25 29 29 20 21 19 28 33
29 29 29 29 29 29 29 29 29 29 29 29 29 29 29 29 29 29 29 29 29 29
37 37 30 31 30 32 32 31 32 31 30 32 32 30 30 30 30 34 37 37 31 30
54 54 35 42 43 51 51 47 49 45 42 51 48 42 49 47 49 50 50 52 42 34
25 25 18 22 22 22 22 22 22 22 22 22 22 18 22 22 22 25 22 25 22 18
36 36 20 24 24 27 26 25 25 25 25 27 25 21 25 25 22 32 32 35 24 16
45 45 28 39 32 37 37 34 35 35 31 37 36 32 31 35 34 43 45 43 37 30
56 56 42 37 46 50 50 49 48 45 45 50 47 45 49 49 46 52 55 55 39 45
19 19 24 24 24 24 24 22 22 18 24 24 22 22 24 24 30 18 21 22 24 30
54 54 45 49 47 35 35 45 45 38 40 35 47 40 35 35 40 40 49 49 40 40
56 56 42 39 42 49 48 46 47 44 43 49 47 45 47 46 45 52 55 55 39 36
20 20 23 23 23 23 23 20 23 17 17 23 23 23 20 23 24 16 16 16 23 26
27 27 29 28 28 28 28 26 29 17 20 28 29 28 25 27 27 23 23 18 28 32
31 31 37 37 37 37 37 33 37 27 28 37 37 36 32 37 37 27 27 27 37 42
24 24 18 21 20 19 19 20 21 20 20 19 20 18 19 19 19 24 23 24 21 19
34 34 18 26 24 28 28 27 27 27 24 29 27 25 24 27 26 30 32 34 26 21
31 31 31 33 33 33 33 32 33 30 30 33 35 35 32 33 40 30 30 29 33 45
50 50 27 23 28 43 41 33 38 28 28 43 35 33 39 33 35 41 46 46 23 20
37 37 25 37 26 29 29 24 29 26 18 29 31 29 22 29 28 37 38 30 35 27
19 19 11 16 13 13 13 14 16 14 13 13 14 12 12 13 13 18 18 19 16 12
33 33 28 32 31 31 31 29 32 28 27 31 31 29 28 31 31 31 29 31 32 31
73 73 53 49 53 59 59 56 56 56 53 60 56 51 56 57 47 70 73 73 49 43
32 32 29 26 27 30 30 27 29 24 24 31 30 29 27 29 28 28 30 28 26 29
29 29 30 29 28 31 31 29 31 27 25 31 31 31 28 31 31 27 28 27 29 33
27 27 24 25 21 25 25 24 25 19 20 25 25 25 24 23 23 28 28 20 24 25
20 20 20 20 20 20 20 20 20 20 20 20 20 20 20 20 22 20 20 20 20 24
25 25 26 25 25 26 26 26 26 25 25 26 26 26 26 26 26 25 25 25 25 26
27 27 31 32 31 32 32 28 31 24 24 32 31 31 28 32 35 22 24 24 32 39
26 26 42 45 42 37 37 33 33 34 37 37 33 31 37 37 50 29 30 30 40 50
26 26 27 30 29 30 30 30 30 30 29 29 27 25 29 30 34 28 26 28 30 33
24 24 27 25 24 25 25 24 24 21 22 25 24 24 25 24 28 24 24 20 23 28
31 31 30 29 29 30 30 28 30 25 25 30 35 30 28 30 29 27 29 28 29 33
27 27 38 37 37 38 38 38 38 34 37 38 35 38 38 35 49 32 32 28 37 50
58 58 34 31 33 41 40 38 38 39 37 41 40 34 38 39 30 54 57 57 31 28
36 36 40 40 40 40 40 40 40 40 40 40 40 40 40 40 43 36 36 36 40 43
40 40 27 25 25 29 29 27 27 27 25 30 28 27 27 27 25 34 40 38 25 24
31 31 27 33 25 27 27 25 29 27 23 27 30 27 21 27 27 30 32 33 31 29
24 24 16 20 20 20 20 20 20 20 20 20 20 20 20 20 20 24 24 24 20 16
29 29 30 30 30 30 30 30 30 29 30 30 30 30 30 30 31 29 29 29 30 31
29 29 29 27 24 24 24 27 29 21 24 24 27 24 24 21 21 29 29 24 27 27
29 29 15 15 15 17 15 17 17 18 17 15 15 17 17 17 13 25 28 28 15 11
27 27 33 34 33 32 32 31 31 32 32 32 34 33 32 32 45 28 28 28 33 49
43 43 35 39 34 38 39 31 37 27 26 39 37 36 31 34 34 40 42 33 38 37
26 26 33 36 33 32 32 30 30 31 29 31 29 26 31 32 42 28 28 27 33 41
26 26 24 24 20 24 26 21 24 16 18 24 24 23 23 19 19 24 24 16 24 26
25 25 25 24 24 25 25 25 25 22 24 25 25 25 25 24 24 25 25 22 24 25
43 43 34 33 34 37 37 33 34 33 33 39 36 34 33 34 33 37 42 42 33 32
32 32 33 33 33 34 34 31 34 23 26 34 34 34 31 32 32 28 28 24 33 37
25 25 32 33 31 30 30 29 29 29 28 30 29 27 29 30 39 25 27 25 30 39
28 28 35 35 35 35 35 34 34 31 35 35 36 37 35 35 50 27 28 29 35 52
17 17 29 31 29 27 27 23 23 21 27 27 23 21 27 27 40 19 23 23 28 40
30 30 35 33 33 35 35 35 35 31 33 35 36 37 35 34 46 30 30 27 33 50
41 41 51 51 51 51 51 50 50 50 51 51 49 50 51 51 61 38 41 41 51 66
37 37 51 52 51 50 50 49 49 48 50 50 49 48 50 50 62 35 40 40 51 66
33 33 48 49 48 46 46 45 45 46 46 46 46 46 46 47 59 29 32 33 47 64
49 49 38 46 35 43 42 36 41 41 33 42 45 43 33 41 36 48 50 51 45 34
61 61 46 41 47 53 53 51 51 46 47 53 54 48 51 51 47 55 59 60 43 39
57 57 34 29 36 48 47 46 45 36 36 48 47 39 46 46 39 51 55 55 30 28
49 49 37 39 37 41 39 40 41 39 38 40 45 38 37 39 34 45 49 49 39 34
49 49 41 40 41 43 42 42 42 42 42 43 41 42 42 42 39 46 48 48 40 38
44 44 29 28 29 31 31 30 29 30 30 32 30 29 30 30 27 39 44 44 28 27
42 42 27 36 30 36 36 33 34 33 28 37 35 32 29 34 34 36 40 40 35 31
27 27 25 26 25 24 24 25 26 25 25 24 25 24 24 24 24 27 27 27 26 25
32 32 37 37 37 37 37 34 34 33 35 37 36 35 35 35 47 30 33 33 35 49
38 38 41 47 43 41 41 37 40 41 39 41 42 41 39 41 51 41 40 38 45 53
54 54 38 49 41 47 46 41 45 45 39 46 46 45 39 45 40 53 55 54 48 32
30 30 41 41 40 39 39 37 37 35 38 39 38 38 39 36 49 32 32 29 39 51
27 27 46 48 46 40 40 33 33 35 40 40 33 29 40 40 53 31 33 33 44 53
22 22 24 23 23 24 24 22 22 18 23 24 25 22 24 24 28 19 23 23 23 28
39 39 34 37 34 38 38 34 37 32 30 39 37 33 33 37 34 33 34 34 37 34
49 49 45 48 42 45 45 40 45 45 40 45 46 45 41 45 42 48 49 49 47 43
51 51 40 51 39 44 44 37 44 47 35 44 48 43 35 44 39 51 51 52 46 35
62 62 39 37 41 47 46 46 45 46 45 47 45 41 46 46 33 58 62 62 37 30
39 39 22 29 25 30 29 27 28 28 25 30 28 27 25 28 27 34 38 37 28 23
25 25 25 25 25 25 25 25 25 25 25 25 25 25 25 25 25 25 25 25 25 25
40 40 24 24 24 29 29 24 26 25 24 30 27 25 24 25 22 32 39 38 24 21
46 46 27 46 28 31 32 24 33 31 21 31 35 32 21 31 29 46 47 41 42 28
65 65 49 46 50 54 54 54 53 51 50 54 54 50 54 54 49 60 64 64 47 45
43 43 24 32 27 32 32 30 31 31 27 32 31 30 27 31 29 38 42 41 31 26
61 61 41 39 43 48 47 46 45 47 45 48 47 43 46 46 35 57 61 61 39 33
60 60 43 41 45 47 47 47 46 47 47 47 46 45 47 47 38 57 60 60 41 36
48 48 26 24 27 31 30 28 27 28 28 31 28 27 28 28 22 43 48 48 24 19
58 58 45 54 45 49 49 42 48 50 40 49 51 47 40 48 43 56 57 58 49 35
61 61 43 36 45 52 51 50 49 45 45 52 50 46 50 50 45 56 60 60 38 35
61 61 42 39 46 52 51 51 50 46 46 52 49 47 51 51 47 56 59 59 41 35
36 37 43 45 46 41 41 37 37 41 41 42 41 44 41 44 50 33 37 37 43 52
32 32 45 47 47 43 43 38 37 40 43 45 43 45 43 45 53 30 34 35 45 54
39 39 44 43 44 45 45 43 43 41 44 45 43 45 44 44 54 38 41 41 43 55
51 51 44 41 45 49 49 49 48 42 44 49 46 46 49 49 55 47 49 49 41 54
57 57 49 49 50 42 41 51 50 46 45 42 50 46 39 39 33 52 55 55 49 39
52 52 45 47 46 49 48 47 48 48 46 49 50 50 46 48 54 49 52 51 47 57
60 60 37 32 35 48 48 44 46 41 37 48 46 40 46 45 39 55 58 58 32 29
47 47 27 28 27 37 37 31 35 29 26 37 33 29 33 32 30 38 44 43 28 25
47 47 32 34 34 42 42 34 40 30 29 42 39 35 37 37 37 39 41 41 34 32
57 57 46 51 45 35 35 46 46 41 41 35 50 41 35 35 35 42 53 53 41 39
61 61 50 54 51 46 45 51 51 48 49 45 54 49 46 46 46 51 57 57 48 47
62 62 48 51 48 45 44 50 50 48 47 44 53 47 45 46 44 54 59 59 45 43
54 54 34 35 35 39 38 37 39 32 32 39 41 34 36 33 33 45 51 51 28 27
53 53 50 50 49 47 47 48 50 39 43 47 53 48 45 45 45 47 51 49 49 50
65 65 53 59 53 51 51 52 54 54 50 51 56 51 49 51 49 61 64 62 55 49
57 57 40 47 41 34 33 42 42 37 37 34 49 37 32 33 32 46 54 54 34 32
30 30 17 27 18 17 18 14 20 16 12 17 21 17 13 16 17 26 28 22 23 17
34 34 27 33 24 27 29 20 28 22 18 27 27 24 23 23 23 33 33 24 31 28
66 66 57 59 57 48 48 57 57 53 53 48 60 54 48 48 48 56 61 61 55 52
58 58 52 54 52 46 45 51 52 45 46 45 54 50 44 46 45 49 54 54 51 50
57 57 42 48 44 35 34 43 43 38 38 35 49 38 33 33 33 45 53 53 37 34
68 68 52 53 51 52 51 54 53 52 52 53 55 51 50 51 47 60 65 65 49 45
30 30 42 43 42 40 40 37 37 37 40 40 37 36 40 40 50 32 33 33 41 50
23 23 11 18 18 18 18 18 18 18 18 18 18 18 18 18 18 23 23 23 18 11
41 41 35 41 35 37 37 35 37 37 34 37 39 37 34 37 36 40 40 41 40 35
28 28 20 21 21 24 24 22 22 22 21 25 23 21 21 22 21 25 27 28 21 18
17 17 18 20 20 20 20 20 20 20 20 20 20 18 20 20 22 17 16 17 20 21
25 25 27 27 27 27 27 27 27 27 27 27 27 27 27 27 29 25 25 25 27 29
37 37 46 46 46 47 47 46 46 39 43 46 45 45 46 47 54 35 37 37 46 54
31 31 42 44 41 39 39 35 36 36 37 39 36 34 38 38 48 33 34 33 41 49
37 37 46 47 45 46 46 45 45 43 43 45 43 40 45 45 54 41 43 39 45 54
18 18 21 21 21 21 21 21 21 21 21 21 21 21 21 21 24 18 18 18 21 24
27 27 31 33 32 31 31 29 29 29 31 31 29 28 31 31 37 28 28 29 31 36
25 25 28 27 27 28 28 26 28 23 23 28 28 28 26 28 29 22 22 21 27 30
20 20 24 24 24 24 24 24 24 24 24 24 23 24 24 24 29 20 20 20 24 31
22 22 26 26 26 26 26 26 26 26 26 26 25 26 26 26 30 22 22 22 26 32
22 22 34 35 34 33 33 29 29 28 31 32 29 27 32 33 45 24 26 26 33 45
26 26 39 42 38 36 37 29 32 30 33 36 32 29 35 35 49 27 29 28 39 49
34 34 44 42 42 43 43 42 42 40 40 43 45 45 43 43 54 35 35 32 41 57
38 38 44 45 44 45 45 41 41 38 42 44 43 40 42 43 51 35 39 41 43 52
33 33 32 33 29 32 33 28 30 28 25 33 30 27 28 30 37 30 34 31 30 37
36 36 38 38 38 38 38 38 38 38 38 38 43 41 38 38 46 35 36 36 38 50
43 43 45 46 45 43 43 42 42 43 43 43 50 44 43 43 54 39 45 45 44 57
32 32 40 37 37 40 40 39 40 34 34 40 43 44 39 40 52 31 31 28 37 55
41 41 46 45 45 46 46 45 46 39 39 46 47 47 45 46 53 39 38 35 45 55
49 49 41 42 44 48 47 46 47 44 44 48 47 46 47 46 54 46 46 47 42 54
57 57 45 40 46 54 53 50 51 45 45 54 51 49 52 50 53 52 54 55 41 50
59 59 45 39 47 53 53 52 51 46 46 53 50 48 52 52 50 54 57 57 41 43
39 39 47 47 47 47 47 47 47 47 47 47 49 49 47 47 57 40 40 40 47 60
39 39 49 50 49 49 49 47 47 45 49 49 49 48 49 49 59 39 40 44 49 61
43 43 30 39 37 37 37 36 37 37 36 37 37 35 36 37 39 45 43 42 39 33
35 35 30 34 27 31 31 29 31 28 25 31 33 32 28 31 31 35 36 31 33 31
35 35 37 39 37 39 39 36 36 33 37 37 44 31 37 39 45 31 39 39 39 45
36 36 35 37 35 36 36 35 35 31 35 35 43 32 35 36 40 31 38 37 37 42
16 16 28 29 27 25 25 22 22 21 23 24 21 17 24 24 35 20 21 18 26 35
45 45 31 35 34 35 35 35 35 35 34 34 40 30 34 35 31 41 41 45 35 29
37 37 35 37 32 36 37 33 36 32 30 36 38 36 33 34 36 36 36 33 36 38
39 39 37 39 39 39 39 39 40 39 39 39 39 37 39 39 41 39 39 39 39 41
25 25 36 38 36 33 33 29 29 29 33 33 29 28 33 31 45 27 28 27 34 45
49 49 50 50 50 50 50 50 50 50 50 50 49 50 50 50 53 49 49 49 50 53
31 31 45 46 45 44 44 41 41 40 44 44 39 40 44 44 55 33 35 35 45 55
40 40 47 47 47 47 47 46 46 45 47 47 46 46 47 47 52 39 41 42 47 52
39 39 22 25 24 26 24 27 27 27 26 24 25 26 26 26 23 35 38 37 25 23
45 45 28 25 26 31 31 30 30 27 27 32 31 29 30 29 27 39 43 41 25 25
28 28 27 27 24 27 28 24 27 24 22 27 27 25 25 25 25 27 27 24 27 28
24 24 23 22 18 23 24 19 23 17 16 23 23 21 21 20 20 23 23 17 22 24
41 41 27 30 30 31 30 31 31 31 31 30 30 30 31 31 29 39 40 41 30 25
64 64 48 48 49 51 50 51 51 50 49 50 51 47 49 50 43 60 63 63 45 41
13 13 16 16 14 17 17 16 17 11 12 16 16 14 14 14 13 13 13 9 16 16
22 22 18 20 20 20 20 20 20 19 20 20 20 19 20 19 19 22 21 21 20 18
25 25 25 25 23 25 25 23 25 23 22 25 25 24 24 24 24 25 25 23 25 25
24 24 23 24 22 24 25 23 24 23 21 24 24 22 23 24 23 24 24 23 24 23
30 30 29 29 27 29 30 27 29 27 25 29 29 28 28 28 29 29 29 26 29 31
29 29 34 34 34 34 34 32 34 29 31 34 33 34 33 34 39 27 27 28 34 42
24 24 25 27 24 27 27 27 27 26 24 26 26 23 25 27 24 25 25 24 27 23
25 25 25 25 24 27 27 27 27 25 24 26 26 25 26 27 26 27 27 25 25 24
27 27 23 27 19 23 25 14 23 20 14 23 24 21 18 20 19 25 25 24 27 24
37 37 29 31 31 31 31 31 31 31 31 32 31 29 30 30 29 35 36 37 31 28
31 31 31 31 31 31 31 29 31 26 27 31 35 31 29 31 31 27 29 29 31 34
29 29 21 25 25 25 25 25 25 25 25 25 25 25 25 25 25 29 29 29 25 21
30 30 36 41 37 35 35 31 33 32 34 35 33 31 34 35 39 31 33 31 38 38
33 33 36 37 36 35 34 33 33 33 35 34 31 31 35 35 37 32 35 35 35 37
27 27 35 37 35 33 33 32 32 33 33 33 32 31 33 33 43 28 28 28 34 43
25 25 31 31 31 31 31 29 29 25 31 31 29 29 31 31 40 24 27 28 31 40
32 32 37 38 37 37 37 32 32 32 35 38 33 30 35 35 39 30 35 35 35 37
31 31 37 38 37 34 34 32 32 32 34 34 38 31 34 34 37 29 34 34 35 39
31 31 36 39 37 35 35 33 33 33 35 35 36 31 35 35 38 30 33 33 36 39
29 29 37 39 37 34 34 33 33 33 35 34 33 30 34 34 38 30 31 31 37 39
27 27 27 29 28 29 29 27 27 25 28 29 27 25 28 29 34 27 27 29 29 33
16 16 27 29 27 24 25 19 21 20 23 24 21 18 24 24 35 17 19 18 27 36